6 possible court(s)
0 1 0 1 0 1 0 1 1 1 
0 0 0 1 1 1 1 1 0 0 
1 1 1 0 1 1 1 0 0 0 
0 0 x x 1 1 1 1 1 0 
0 1 x x 1 0 0 1 1 1 
0 0 x x 1 1 1 1 1 1 
1 1 x x 1 1 1 1 1 0 
1 1 0 1 1 1 0 0 1 1 
0 0 1 1 1 1 1 0 0 0 
1 1 1 1 1 1 1 1 1 1 
0 1 0 1 0 1 0 1 1 1 
0 0 0 1 1 1 1 1 0 0 
1 1 1 0 1 1 1 0 0 0 
0 0 1 x x 1 1 1 1 0 
0 1 1 x x 0 0 1 1 1 
0 0 1 x x 1 1 1 1 1 
1 1 1 x x 1 1 1 1 0 
1 1 0 1 1 1 0 0 1 1 
0 0 1 1 1 1 1 0 0 0 
1 1 1 1 1 1 1 1 1 1 

0 1 0 1 0 1 0 1 1 1 
0 0 0 1 1 1 1 1 0 0 
1 1 1 0 1 1 1 0 0 0 
0 0 1 1 1 1 1 x x 0 
0 1 1 1 1 0 0 x x 1 
0 0 1 1 1 1 1 x x 1 
1 1 1 1 1 1 1 x x 0 
1 1 0 1 1 1 0 0 1 1 
0 0 1 1 1 1 1 0 0 0 
1 1 1 1 1 1 1 1 1 1 

0 1 0 1 0 1 0 1 1 1 
0 0 0 1 1 1 1 1 0 0 
1 1 1 0 1 1 1 0 0 0 
0 0 1 1 1 1 1 1 1 0 
0 1 1 x x 0 0 1 1 1 
0 0 1 x x 1 1 1 1 1 
1 1 1 x x 1 1 1 1 0 
1 1 0 x x 1 0 0 1 1 
0 0 1 1 1 1 1 0 0 0 
1 1 1 1 1 1 1 1 1 1 

0 1 0 1 0 1 0 1 1 1 
0 0 0 1 1 1 1 1 0 0 
1 1 1 0 1 1 1 0 0 0 
0 0 1 1 1 1 1 1 1 0 
0 1 1 1 1 0 0 1 1 1 
0 0 1 x x 1 1 1 1 1 
1 1 1 x x 1 1 1 1 0 
1 1 0 x x 1 0 0 1 1 
0 0 1 x x 1 1 0 0 0 
1 1 1 1 1 1 1 1 1 1 

0 1 0 1 0 1 0 1 1 1 
0 0 0 1 1 1 1 1 0 0 
1 1 1 0 1 1 1 0 0 0 
0 0 1 1 1 1 1 1 1 0 
0 1 1 1 1 0 0 1 1 1 
0 0 1 1 x x 1 1 1 1 
1 1 1 1 x x 1 1 1 0 
1 1 0 1 x x 0 0 1 1 
0 0 1 1 x x 1 0 0 0 
1 1 1 1 1 1 1 1 1 1